1.01519
1.02464
1.03408
1.04353
1.05298
1.066
1.07901
1.09202
1.10504
1.11805
1.1252
1.13236
1.13951
1.14666
1.15382
1.15882
1.16383
1.16883
1.17384
1.17884
1.18053
1.18221
1.1839
1.18558
1.18727
1.18856
1.18986
1.19115
1.19244
1.19374
1.19398
1.19423
1.19447
1.19471
1.19496
1.19581
1.19667
1.19752
1.19838
1.19923
1.20004
1.20084
1.20165
1.20245
1.20326
1.20543
1.20761
1.20978
1.21195
1.21412
1.21544
1.21676
1.21808
1.2194
1.22072
1.22379
1.22687
1.22995
1.23302
1.2361
1.23681
1.23751
1.23822
1.23893
1.23964
1.24057
1.24149
1.24242
1.24335
1.24428
1.24311
1.24193
1.24076
1.23959
1.23842
1.23773
1.23705
1.23637
1.23568
1.235
1.23415
1.23329
1.23244
1.23158
1.23073
1.23129
1.23185
1.23241
1.23297
1.23353
1.23541
1.23729
1.23917
1.24105
1.24293
1.24894
1.25495
1.26095
1.26696
1.27297
1.27941
1.28586
1.2923
1.29875
1.30519
1.31679
1.32839
1.33999
1.35158
1.36318
1.37222
1.38125
1.39028
1.39932
1.40835
1.41721
1.42608
1.43494
1.4438
1.45266
1.45618
1.4597
1.46321
1.46673
1.47024
1.47383
1.47742
1.48101
1.4846
1.48819
1.48646
1.48472
1.48299
1.48125
1.47952
1.48003
1.48055
1.48106
1.48157
1.48209
1.48201
1.48194
1.48187
1.48179
1.48172
1.48606
1.49041
1.49476
1.4991
1.50345
1.50733
1.51121
1.51509
1.51898
1.52286
1.52872
1.53458
1.54044
1.5463
1.55216
1.55421
1.55626
1.55831
1.56036
1.56241
1.5641
1.56578
1.56747
1.56915
1.57084
1.56605
1.56126
1.55648
1.55169
1.54691
1.54334
1.53978
1.53621
1.53265
1.52909
1.5231
1.51712
1.51114
1.50516
1.49918
1.49708
1.49498
1.49288
1.49078
1.48868
1.48853
1.48838
1.48824
1.48809
1.48794
1.49571
1.50347
1.51124
1.519
1.52677
1.53624
1.54571
1.55519
1.56466
1.57413
1.59037
1.6066
1.62284
1.63908
1.65531
1.66886
1.68241
1.69597
1.70952
1.72307
1.7352
1.74734
1.75947
1.7716
1.78374
1.78755
1.79136
1.79517
1.79897
1.80278
1.80464
1.80649
1.80835
1.81021
1.81206
1.8064
1.80073
1.79507
1.7894
1.78374
1.77983
1.77593
1.77202
1.76811
1.76421
1.75971
1.75522
1.75073
1.74624
1.74174
1.74228
1.74282
1.74336
1.74389
1.74443
1.74406
1.7437
1.74333
1.74297
1.7426
1.74375
1.74489
1.74604
1.74719
1.74834
1.74492
1.7415
1.73808
1.73466
1.73125
1.72707
1.7229
1.71872
1.71455
1.71037
1.6997
1.68903
1.67836
1.66769
1.65702
1.64691
1.63681
1.6267
1.61659
1.60648
1.59493
1.58339
1.57184
1.56029
1.54874
1.54173
1.53473
1.52772
1.52071
1.5137
1.50831
1.50291
1.49752
1.49212
1.48672
1.48831
1.4899
1.49149
1.49307
1.49466
1.49752
1.50037
1.50323
1.50609
1.50894
1.51634
1.52374
1.53114
1.53853
1.54593
1.55121
1.55648
1.56175
1.56703
1.5723
1.5766
1.58089
1.58519
1.58949
1.59379
1.59042
1.58705
1.58368
1.58031
1.57694
1.57225
1.56756
1.56288
1.55819
1.5535
1.54527
1.53704
1.52882
1.52059
1.51236
1.50577
1.49918
1.49258
1.48599
1.4794
1.47249
1.46558
1.45867
1.45176
1.44485
1.44116
1.43748
1.43379
1.4301
1.42642
1.4228
1.41919
1.41558
1.41196
1.40835
1.40581
1.40327
1.40073
1.39819
1.39565
1.39141
1.38716
1.38291
1.37866
1.37441
1.36997
1.36553
1.36108
1.35664
1.35219
1.3455
1.33881
1.33212
1.32543
1.31875
1.31249
1.30624
1.29999
1.29374
1.28749
1.28195
1.27641
1.27087
1.26532
1.25978
1.25656
1.25334
1.25011
1.24689
1.24367
1.24108
1.23849
1.2359
1.23332
1.23073
1.23146
1.23219
1.23292
1.23366
1.23439
1.23583
1.23727
1.23871
1.24015
1.24159
1.24479
1.24799
1.25119
1.25439
1.25758
1.25956
1.26154
1.26352
1.26549
1.26747
1.26886
1.27026
1.27165
1.27304
1.27443
1.27211
1.26979
1.26747
1.26515
1.26283
1.26071
1.25859
1.25646
1.25434
1.25221
1.24853
1.24484
1.24115
1.23747
1.23378
1.23122
1.22865
1.22609
1.22352
1.22096
1.21874
1.21652
1.2143
1.21207
1.20985
1.20883
1.2078
1.20678
1.20575
1.20472
1.20404
1.20336
1.20267
1.20199
1.20131
1.20074
1.20018
1.19962
1.19906
1.1985
1.1975
1.1965
1.1955
1.19449
1.19349
1.19191
1.19032
1.18873
1.18715
1.18556
1.18319
1.18082
1.17845
1.17609
1.17372
1.1722
1.17069
1.16918
1.16766
1.16615
1.16422
1.16229
1.16036
1.15843
1.1565
1.1556
1.1547
1.15379
1.15289
1.15199
1.15172
1.15145
1.15118
1.15091
1.15064
1.1516
1.15255
1.1535
1.15445
1.15541
1.15682
1.15824
1.15965
1.16107
1.16249
1.16405
1.16561
1.16717
1.16874
1.1703
1.1712
1.17211
1.17301
1.17391
1.17482
1.17518
1.17555
1.17591
1.17628
1.17665
1.1756
1.17455
1.1735
1.17245
1.1714
1.1701
1.16881
1.16752
1.16622
1.16493
1.16344
1.16195
1.16046
1.15897
1.15748
1.15653
1.15558
1.15462
1.15367
1.15272
1.15186
1.15101
1.15016
1.1493
1.14845
1.14818
1.14791
1.14764
1.14737
1.1471
1.14696
1.14681
1.14666
1.14652
1.14637
1.1463
1.14622
1.14615
1.14608
1.146
1.14517
1.14434
1.14351
1.14268
1.14185
1.14132
1.14078
1.14024
1.13971
1.13917
1.13822
1.13726
1.13631
1.13536
1.13441
1.13353
1.13265
1.13177
1.13089
1.13001
1.12916
1.1283
1.12745
1.12659
1.12574
1.12535
1.12496
1.12457
1.12418
1.12379
1.12384
1.12388
1.12393
1.12398
1.12403
1.12511
1.12618
1.12725
1.12833
1.1294
1.12955
1.1297
1.12984
1.12999
1.13013
1.13121
1.13228
1.13336
1.13443
1.13551
1.13597
1.13643
1.1369
1.13736
1.13783
1.13802
1.13822
1.13841
1.13861
1.1388
1.13797
1.13714
1.13631
1.13548
1.13465
1.13409
1.13353
1.13297
1.13241
1.13184
1.13118
1.13053
1.12987
1.12921
1.12855
1.12816
1.12777
1.12738
1.12699
1.12659
1.12625
1.12591
1.12557
1.12523
1.12489
1.12464
1.1244
1.12415
1.12391
1.12366
1.12359
1.12352
1.12344
1.12337
1.1233
1.12315
1.12301
1.12286
1.12271
1.12257
1.12232
1.12208
1.12183
1.12159
1.12135
1.1211
1.12086
1.12061
1.12037
1.12012
1.11949
1.11885
1.11822
1.11759
1.11695
1.11639
1.11583
1.11527
1.1147
1.11414
1.11397
1.1138
1.11363
1.11346
1.11329
1.11285
1.11241
1.11197
1.11153
1.11109
1.11107
1.11104
1.11102
1.11099
1.11097
1.11148
1.11199
1.11251
1.11302
1.11353
1.114
1.11446
1.11492
1.11539
1.11585
1.11651
1.11717
1.11783
1.11849
1.11915
1.11932
1.11949
1.11966
1.11983
1.12
1.11988
1.11976
1.11964
1.11951
1.11939
1.11937
1.11934
1.11932
1.11929
1.11927
1.11868
1.1181
1.11751
1.11693
1.11634
1.11568
1.11502
1.11436
1.1137
1.11304
1.11275
1.11246
1.11217
1.11187
1.11158
1.11158
1.11158
1.11158
1.11158
1.11158
1.11155
1.11153
1.11151
1.11148
1.11146
1.11182
1.11219
1.11256
1.11292
1.11329
1.11321
1.11314
1.11307
1.113
1.11292
1.11285
1.11278
1.1127
1.11263
1.11256
1.11234
1.11212
1.1119
1.11168
1.11146
1.11136
1.11126
1.11116
1.11107
1.11097
1.11058
1.11019
1.1098
1.10941
1.10902
1.10894
1.10887
1.1088
1.10872
1.10865
1.10855
1.10845
1.10836
1.10826
1.10816
1.10811
1.10806
1.10801
1.10797
1.10792
1.10801
1.10811
1.10821
1.10831
1.10841
1.10924
1.11007
1.1109
1.11173
1.11256
1.11285
1.11314
1.11343
1.11373
1.11402
1.11441
1.1148
1.11519
1.11558
1.11597
1.11585
1.11573
1.11561
1.11549
1.11536
1.11553
1.11571
1.11588
1.11605
1.11622
1.11612
1.11602
1.11593
1.11583
1.11573
1.11522
1.1147
1.11419
1.11368
1.11317
1.11314
1.11312
1.11309
1.11307
1.11304
1.11265
1.11226
1.11187
1.11148
1.11109
1.11163
1.11217
1.1127
1.11324
1.11378
1.11361
1.11343
1.11326
1.11309
1.11292
1.11331
1.1137
1.11409
1.11448
1.11488
1.115
1.11512
1.11524
1.11536
1.11549
1.11517
1.11485
1.11453
1.11422
1.1139
1.11363
1.11336
1.11309
1.11282
1.11256
1.11226
1.11197
1.11168
1.11138
1.11109
1.11121
1.11133
1.11146
1.11158
1.1117
1.11185
1.11199
1.11214
1.11229
1.11243
1.11236
1.11229
1.11221
1.11214
1.11207
1.11263
1.11319
1.11375
1.11431
1.11488
1.11595
1.11702
1.1181
1.11917
1.12025
1.12069
1.12113
1.12157
1.122
1.12244
1.12318
1.12391
1.12464
1.12537
1.12611
1.12691
1.12772
1.12852
1.12933
1.13013
1.13001
1.12989
1.12977
1.12965
1.12952
1.1294
1.12928
1.12916
1.12904
1.12891
1.12879
1.12867
1.12855
1.12843
1.1283
1.12782
1.12733
1.12684
1.12635
1.12586
1.12613
1.1264
1.12667
1.12694
1.12721
1.1275
1.12779
1.12808
1.12838
1.12867
1.1294
1.13013
1.13087
1.1316
1.13233
1.13272
1.13311
1.1335
1.13389
1.13429
1.13421
1.13414
1.13407
1.13399
1.13392
1.13433
1.13475
1.13516
1.13558
1.13599
1.13573
1.13546
1.13519
1.13492
1.13465
1.13451
1.13436
1.13421
1.13407
1.13392
1.13363
1.13333
1.13304
1.13275
1.13245
1.13277
1.13309
1.13341
1.13372
1.13404
1.10821
1.08238
1.05655
1.03071
1.00488
1.01716
1.02945
1.04173
1.05401
1.06629
1.08951
1.11273
1.13595
1.15916
1.18238
1.20128
1.22018
1.23908
1.25797
1.27687
1.29306
1.30925
1.32543
1.34162
1.35781
1.36858
1.37934
1.39011
1.40088
1.41165
1.42048
1.42932
1.43816
1.447
1.45584
1.45894
1.46204
1.46514
1.46824
1.47134
1.4762
1.48106
1.48592
1.49078
1.49564
1.49962
1.5036
1.50757
1.51155
1.51553
1.52347
1.5314
1.53934
1.54727
1.55521
1.56188
1.56854
1.57521
1.58187
1.58854
1.59711
1.60568
1.61425
1.62282
1.63139
1.6361
1.64081
1.64552
1.65024
1.65495
1.65939
1.66383
1.66828
1.67272
1.67717
1.67358
1.66999
1.6664
1.66281
1.65922
1.65612
1.65302
1.64992
1.64682
1.64372
1.63773
1.63175
1.62577
1.61979
1.61381
1.61232
1.61083
1.60934
1.60785
1.60636
1.60687
1.60739
1.6079
1.60841
1.60892
1.61893
1.62894
1.63895
1.64897
1.65898
1.67175
1.68451
1.69728
1.71005
1.72282
1.74353
1.76423
1.78494
1.80564
1.82634
1.8447
1.86307
1.88143
1.89979
1.91815
1.93587
1.9536
1.97132
1.98905
2.00678
2.01486
2.02294
2.03102
2.0391
2.04718
2.05309
2.059
2.06491
2.07082
2.07673
2.07309
2.06945
2.06581
2.06217
2.05854
2.05629
2.05404
2.0518
2.04955
2.04731
2.04596
2.04462
2.04328
2.04193
2.04059
2.04357
2.04655
2.04953
2.05251
2.05548
2.05871
2.06193
2.06515
2.06838
2.0716
2.07697
2.08234
2.08771
2.09308
2.09846
2.09833
2.09821
2.09809
2.09797
2.09785
2.09631
2.09477
2.09323
2.09169
2.09015
2.07883
2.0675
2.05617
2.04484
2.03351
2.0224
2.01129
2.00018
1.98907
1.97796
1.96385
1.94974
1.93563
1.92152
1.9074
1.89861
1.88982
1.88104
1.87225
1.86346
1.85725
1.85105
1.84485
1.83865
1.83245
1.83714
1.84182
1.84651
1.8512
1.85589
1.86326
1.87063
1.87801
1.88538
1.89275
1.90799
1.92323
1.93846
1.9537
1.96893
1.98329
1.99764
2.012
2.02636
2.04071
2.05321
2.06571
2.07822
2.09072
2.10322
2.10414
2.10507
2.106
2.10693
2.10786
2.1059
2.10395
2.102
2.10004
2.09809
2.0884
2.0787
2.06901
2.05932
2.04962
2.04118
2.03273
2.02428
2.01583
2.00739
1.99913
1.99088
1.98263
1.97438
1.96612
1.96273
1.95934
1.95594
1.95255
1.94915
1.94544
1.94173
1.93802
1.93431
1.9306
1.92921
1.92782
1.92642
1.92503
1.92364
1.91793
1.91221
1.9065
1.90079
1.89507
1.88821
1.88135
1.87449
1.86763
1.86077
1.84732
1.83386
1.82041
1.80696
1.79351
1.78074
1.76797
1.7552
1.74243
1.72966
1.71672
1.70378
1.69084
1.6779
1.66496
1.6557
1.64645
1.6372
1.62794
1.61869
1.61227
1.60585
1.59943
1.593
1.58658
1.58722
1.58785
1.58849
1.58912
1.58976
1.59322
1.59669
1.60016
1.60363
1.60709
1.6161
1.62511
1.63412
1.64313
1.65214
1.66
1.66786
1.67572
1.68359
1.69145
1.69816
1.70488
1.71159
1.71831
1.72502
1.72375
1.72248
1.72121
1.71994
1.71867
1.71499
1.7113
1.70761
1.70392
1.70024
1.69238
1.68451
1.67665
1.66879
1.66093
1.65502
1.64911
1.6432
1.63729
1.63139
1.62518
1.61898
1.61278
1.60658
1.60038
1.59767
1.59496
1.59225
1.58954
1.58683
1.58426
1.5817
1.57914
1.57657
1.57401
1.57337
1.57274
1.57211
1.57147
1.57084
1.56783
1.56483
1.56183
1.55882
1.55582
1.55221
1.54859
1.54498
1.54137
1.53775
1.52982
1.52188
1.51395
1.50601
1.49808
1.49105
1.48401
1.47698
1.46995
1.46292
1.45528
1.44763
1.43999
1.43235
1.42471
1.42009
1.41548
1.41086
1.40625
1.40164
1.39963
1.39763
1.39563
1.39363
1.39163
1.39478
1.39792
1.40107
1.40422
1.40737
1.41292
1.41846
1.424
1.42954
1.43509
1.44507
1.45506
1.46504
1.47503
1.48501
1.49322
1.50142
1.50963
1.51783
1.52603
1.53348
1.54093
1.54837
1.55582
1.56327
1.56507
1.56688
1.56869
1.57049
1.5723
1.57228
1.57225
1.57223
1.5722
1.57218
1.56832
1.56446
1.56061
1.55675
1.55289
1.54998
1.54708
1.54417
1.54127
1.53836
1.53631
1.53426
1.53221
1.53016
1.52811
1.52857
1.52904
1.5295
1.52996
1.53043
1.53131
1.53219
1.53306
1.53394
1.53482
1.53763
1.54044
1.54325
1.54605
1.54886
1.54974
1.55062
1.5515
1.55238
1.55326
1.5524
1.55155
1.55069
1.54984
1.54898
1.54413
1.53927
1.53441
1.52955
1.52469
1.51969
1.51468
1.50967
1.50467
1.49966
1.49388
1.48809
1.4823
1.47652
1.47073
1.46783
1.46492
1.46202
1.45911
1.4562
