54.9506
54.9506
54.9506
54.9506
54.9506
61.6497
61.6497
61.6497
61.6497
61.6497
61.4651
61.4651
61.4651
61.4651
61.4651
63.8058
63.8058
63.8058
63.8058
63.8058
59.9242
59.9242
59.9242
59.9242
59.9242
60.3087
60.3087
60.3087
60.3087
60.3087
56.7576
56.7576
56.7576
56.7576
56.7576
59.2758
59.2758
59.2758
59.2758
59.2758
58.6739
58.6739
58.6739
58.6739
58.6739
63.5507
63.5507
63.5507
63.5507
63.5507
63.7628
63.7628
63.7628
63.7628
63.7628
67.468
67.468
67.468
67.468
67.468
65.0813
65.0813
65.0813
65.0813
65.0813
65.7859
65.7859
65.7859
65.7859
65.7859
61.4
61.4
61.4
61.4
61.4
62.0177
62.0177
62.0177
62.0177
62.0177
59.8192
59.8192
59.8192
59.8192
59.8192
64.2317
64.2317
64.2317
64.2317
64.2317
66.2835
66.2835
66.2835
66.2835
66.2835
73.8648
73.8648
73.8648
73.8648
73.8648
76.9662
76.9662
76.9662
76.9662
76.9662
83.0085
83.0085
83.0085
83.0085
83.0085
82.5719
82.5719
82.5719
82.5719
82.5719
84.1901
84.1901
84.1901
84.1901
84.1901
79.9837
79.9837
79.9837
79.9837
79.9837
79.5692
79.5692
79.5692
79.5692
79.5692
75.6198
75.6198
75.6198
75.6198
75.6198
77.2737
77.2737
77.2737
77.2737
77.2737
76.2207
76.2207
76.2207
76.2207
76.2207
80.1926
80.1926
80.1926
80.1926
80.1926
79.9219
79.9219
79.9219
79.9219
79.9219
82.6932
82.6932
82.6932
82.6932
82.6932
79.7925
79.7925
79.7925
79.7925
79.7925
79.5261
79.5261
79.5261
79.5261
79.5261
74.5842
74.5842
74.5842
74.5842
74.5842
74.1874
74.1874
74.1874
74.1874
74.1874
71.3944
71.3944
71.3944
71.3944
71.3944
74.7645
74.7645
74.7645
74.7645
74.7645
76.2078
76.2078
76.2078
76.2078
76.2078
82.746
82.746
82.746
82.746
82.746
85.2481
85.2481
85.2481
85.2481
85.2481
90.2595
90.2595
90.2595
90.2595
90.2595
89.2332
89.2332
89.2332
89.2332
89.2332
89.8233
89.8233
89.8233
89.8233
89.8233
85.0239
85.0239
85.0239
85.0239
85.0239
83.575
83.575
83.575
83.575
83.575
79.0295
79.0295
79.0295
79.0295
79.0295
79.6548
79.6548
79.6548
79.6548
79.6548
78.0239
78.0239
78.0239
78.0239
78.0239
80.9972
80.9972
80.9972
80.9972
80.9972
80.1871
80.1871
80.1871
80.1871
80.1871
82.0006
82.0006
82.0006
82.0006
82.0006
78.5981
78.5981
78.5981
78.5981
78.5981
77.4046
77.4046
77.4046
77.4046
77.4046
71.9852
71.9852
71.9852
71.9852
71.9852
70.6826
70.6826
70.6826
70.6826
70.6826
67.4369
67.4369
67.4369
67.4369
67.4369
69.9343
69.9343
69.9343
69.9343
69.9343
70.9702
70.9702
70.9702
70.9702
70.9702
76.6922
76.6922
76.6922
76.6922
76.6922
78.8505
78.8505
78.8505
78.8505
78.8505
83.1098
83.1098
83.1098
83.1098
83.1098
81.7986
81.7986
81.7986
81.7986
81.7986
81.6862
81.6862
81.6862
81.6862
81.6862
76.6421
76.6421
76.6421
76.6421
76.6421
74.525
74.525
74.525
74.525
74.525
69.7692
69.7692
69.7692
69.7692
69.7692
69.766
69.766
69.766
69.766
69.766
67.9737
67.9737
67.9737
67.9737
67.9737
70.3759
70.3759
70.3759
70.3759
70.3759
69.4671
69.4671
69.4671
69.4671
69.4671
70.7709
70.7709
70.7709
70.7709
70.7709
67.3245
67.3245
67.3245
67.3245
67.3245
65.6659
65.6659
65.6659
65.6659
65.6659
60.2374
60.2374
60.2374
60.2374
60.2374
58.4981
58.4981
58.4981
58.4981
58.4981
55.2716
55.2716
55.2716
55.2716
55.2716
57.3658
57.3658
57.3658
57.3658
57.3658
58.4629
58.4629
58.4629
58.4629
58.4629
63.8319
63.8319
63.8319
63.8319
63.8319
66.106
66.106
66.106
66.106
66.106
70.0644
70.0644
70.0644
70.0644
70.0644
68.9129
68.9129
68.9129
68.9129
68.9129
68.5314
68.5314
68.5314
68.5314
68.5314
63.667
63.667
63.667
63.667
63.667
61.2921
61.2921
61.2921
61.2921
61.2921
56.7251
56.7251
56.7251
56.7251
56.7251
56.4766
56.4766
56.4766
56.4766
56.4766
54.8925
54.8925
54.8925
54.8925
54.8925
57.0756
57.0756
57.0756
57.0756
57.0756
56.4047
56.4047
56.4047
56.4047
56.4047
57.5166
57.5166
57.5166
57.5166
57.5166
54.3276
54.3276
54.3276
54.3276
54.3276
52.485
52.485
52.485
52.485
52.485
47.3111
47.3111
47.3111
47.3111
47.3111
45.3782
45.3782
45.3782
45.3782
45.3782
42.3957
42.3957
42.3957
42.3957
42.3957
44.2906
44.2906
44.2906
44.2906
44.2906
45.6349
45.6349
45.6349
45.6349
45.6349
50.8157
50.8157
50.8157
50.8157
50.8157
53.3526
53.3526
53.3526
53.3526
53.3526
57.1367
57.1367
57.1367
57.1367
57.1367
56.2546
56.2546
56.2546
56.2546
56.2546
55.694
55.694
55.694
55.694
55.694
51.0833
51.0833
51.0833
51.0833
51.0833
48.5064
48.5064
48.5064
48.5064
48.5064
44.1692
44.1692
44.1692
44.1692
44.1692
43.6994
43.6994
43.6994
43.6994
43.6994
42.3348
42.3348
42.3348
42.3348
42.3348
44.295
44.295
44.295
44.295
44.295
43.8472
43.8472
43.8472
43.8472
43.8472
44.7396
44.7396
44.7396
44.7396
44.7396
41.7715
41.7715
41.7715
41.7715
41.7715
39.698
39.698
39.698
39.698
39.698
34.7254
34.7254
34.7254
34.7254
34.7254
32.5374
32.5374
32.5374
32.5374
32.5374
29.7338
29.7338
29.7338
29.7338
29.7338
31.3586
31.3586
31.3586
31.3586
31.3586
32.8781
32.8781
32.8781
32.8781
32.8781
37.796
37.796
37.796
37.796
37.796
40.5225
40.5225
40.5225
40.5225
40.5225
44.0592
44.0592
44.0592
44.0592
44.0592
43.3774
43.3774
43.3774
43.3774
43.3774
42.5715
42.5715
42.5715
42.5715
42.5715
38.155
38.155
38.155
38.155
38.155
35.3221
35.3221
35.3221
35.3221
35.3221
31.1697
31.1697
31.1697
31.1697
31.1697
30.4419
30.4419
30.4419
30.4419
30.4419
29.2711
29.2711
29.2711
29.2711
29.2711
30.9933
30.9933
30.9933
30.9933
30.9933
30.7672
30.7672
30.7672
30.7672
30.7672
31.4511
31.4511
31.4511
31.4511
31.4511
28.7305
28.7305
28.7305
28.7305
28.7305
26.4673
26.4673
26.4673
26.4673
26.4673
21.7543
21.7543
21.7543
21.7543
21.7543
19.3854
19.3854
19.3854
19.3854
19.3854
16.8535
16.8535
16.8535
16.8535
16.8535
18.3181
18.3181
18.3181
18.3181
18.3181
20.1422
20.1422
20.1422
20.1422
20.1422
24.9447
24.9447
24.9447
24.9447
24.9447
28.0285
28.0285
28.0285
28.0285
28.0285
31.5039
31.5039
31.5039
31.5039
31.5039
31.2291
31.2291
31.2291
31.2291
31.2291
30.4033
30.4033
30.4033
30.4033
30.4033
26.4268
26.4268
26.4268
26.4268
26.4268
23.6018
23.6018
23.6018
23.6018
23.6018
19.9183
19.9183
19.9183
19.9183
19.9183
19.2338
19.2338
19.2338
19.2338
19.2338
18.5775
18.5775
18.5775
18.5775
18.5775
20.3985
20.3985
20.3985
20.3985
20.3985
20.7488
20.7488
20.7488
20.7488
20.7488
21.5937
21.5937
21.5937
21.5937
21.5937
19.5064
19.5064
19.5064
19.5064
19.5064
17.4523
17.4523
17.4523
17.4523
17.4523
13.4118
13.4118
13.4118
13.4118
13.4118
11.286
11.286
11.286
11.286
11.286
9.4612
9.4612
9.4612
9.4612
9.4612
11.2098
11.2098
11.2098
11.2098
11.2098
13.7915
13.7915
13.7915
13.7915
13.7915
18.9373
18.9373
18.9373
18.9373
18.9373
22.8432
22.8432
22.8432
22.8432
22.8432
26.7252
26.7252
26.7252
26.7252
26.7252
27.3282
27.3282
27.3282
27.3282
27.3282
26.953
26.953
26.953
26.953
26.953
23.8867
23.8867
23.8867
23.8867
23.8867
21.5365
21.5365
21.5365
21.5365
21.5365
18.7848
18.7848
18.7848
18.7848
18.7848
18.5996
18.5996
18.5996
18.5996
18.5996
18.9066
18.9066
18.9066
18.9066
18.9066
21.2648
21.2648
21.2648
21.2648
21.2648
22.6192
22.6192
22.6192
22.6192
22.6192
24.0393
24.0393
24.0393
24.0393
24.0393
22.9855
22.9855
22.9855
22.9855
22.9855
21.5234
21.5234
21.5234
21.5234
21.5234
18.5213
18.5213
18.5213
18.5213
18.5213
16.984
16.984
16.984
16.984
16.984
16.1914
16.1914
16.1914
16.1914
16.1914
18.5255
18.5255
18.5255
18.5255
18.5255
22.143
22.143
22.143
22.143
22.143
27.8841
27.8841
27.8841
27.8841
27.8841
32.8381
32.8381
32.8381
32.8381
32.8381
37.3239
37.3239
37.3239
37.3239
37.3239
38.9735
38.9735
38.9735
38.9735
38.9735
39.1869
39.1869
39.1869
39.1869
39.1869
37.1382
37.1382
37.1382
37.1382
37.1382
35.3373
35.3373
35.3373
35.3373
35.3373
33.5598
33.5598
33.5598
33.5598
33.5598
33.8821
33.8821
33.8821
33.8821
33.8821
35.1267
35.1267
35.1267
35.1267
35.1267
37.9614
37.9614
37.9614
37.9614
37.9614
40.2247
40.2247
40.2247
40.2247
40.2247
42.0889
42.0889
42.0889
42.0889
42.0889
41.9024
41.9024
41.9024
41.9024
41.9024
40.8306
40.8306
40.8306
40.8306
40.8306
38.6299
38.6299
38.6299
38.6299
38.6299
37.4086
37.4086
37.4086
37.4086
37.4086
37.3412
37.3412
37.3412
37.3412
37.3412
39.9188
39.9188
39.9188
39.9188
39.9188
44.1965
44.1965
44.1965
44.1965
44.1965
84.0577
84.0577
84.0577
84.0577
84.0577
89.4997
89.4997
89.4997
89.4997
89.4997
88.7379
88.7379
88.7379
88.7379
88.7379
89.8274
89.8274
89.8274
89.8274
89.8274
85.3612
85.3612
85.3612
85.3612
85.3612
84.4791
84.4791
84.4791
84.4791
84.4791
80.33
80.33
80.33
80.33
80.33
81.5781
81.5781
81.5781
81.5781
81.5781
80.3909
80.3909
80.3909
80.3909
80.3909
84.0258
84.0258
84.0258
84.0258
84.0258
83.6912
83.6912
83.6912
83.6912
83.6912
86.1939
86.1939
86.1939
86.1939
86.1939
83.2927
83.2927
83.2927
83.2927
83.2927
82.8139
82.8139
82.8139
82.8139
82.8139
77.9212
77.9212
77.9212
77.9212
77.9212
77.3569
77.3569
77.3569
77.3569
77.3569
74.6567
74.6567
74.6567
74.6567
74.6567
77.9043
77.9043
77.9043
77.9043
77.9043
79.4889
79.4889
79.4889
79.4889
79.4889
85.9562
85.9562
85.9562
85.9562
85.9562
88.6522
88.6522
88.6522
88.6522
88.6522
93.6428
93.6428
93.6428
93.6428
93.6428
92.8549
92.8549
92.8549
92.8549
92.8549
93.4611
93.4611
93.4611
93.4611
93.4611
88.9293
88.9293
88.9293
88.9293
88.9293
87.5202
87.5202
87.5202
87.5202
87.5202
83.2641
83.2641
83.2641
83.2641
83.2641
83.9517
83.9517
83.9517
83.9517
83.9517
82.6357
82.6357
82.6357
82.6357
82.6357
85.6999
85.6999
85.6999
85.6999
85.6999
85.2346
85.2346
85.2346
85.2346
85.2346
87.1667
87.1667
87.1667
87.1667
87.1667
84.132
84.132
84.132
84.132
84.132
83.0736
83.0736
83.0736
83.0736
83.0736
78.0323
78.0323
78.0323
78.0323
78.0323
76.871
76.871
76.871
76.871
76.871
74.0091
74.0091
74.0091
74.0091
74.0091
76.6561
76.6561
76.6561
76.6561
76.6561
78.0886
78.0886
78.0886
78.0886
78.0886
83.9774
83.9774
83.9774
83.9774
83.9774
86.5522
86.5522
86.5522
86.5522
86.5522
90.9974
90.9974
90.9974
90.9974
90.9974
90.118
90.118
90.118
90.118
90.118
90.2008
90.2008
90.2008
90.2008
90.2008
85.5923
85.5923
85.5923
85.5923
85.5923
83.6707
83.6707
83.6707
83.6707
83.6707
79.3507
79.3507
79.3507
79.3507
79.3507
79.5463
79.5463
79.5463
79.5463
79.5463
78.1984
78.1984
78.1984
78.1984
78.1984
80.8134
80.8134
80.8134
80.8134
80.8134
80.3664
80.3664
80.3664
80.3664
80.3664
81.9008
81.9008
81.9008
81.9008
81.9008
78.9317
78.9317
78.9317
78.9317
78.9317
77.5147
77.5147
77.5147
77.5147
77.5147
72.5708
72.5708
72.5708
72.5708
72.5708
71.0787
71.0787
71.0787
71.0787
71.0787
68.3438
68.3438
68.3438
68.3438
68.3438
70.6969
70.6969
70.6969
70.6969
70.6969
72.3044
72.3044
72.3044
72.3044
72.3044
77.9573
77.9573
77.9573
77.9573
77.9573
80.7712
80.7712
80.7712
80.7712
80.7712
85.0442
85.0442
85.0442
85.0442
85.0442
84.461
84.461
84.461
84.461
84.461
84.4183
84.4183
84.4183
84.4183
84.4183
80.1423
80.1423
80.1423
80.1423
80.1423
78.1242
78.1242
78.1242
78.1242
78.1242
74.1647
74.1647
74.1647
74.1647
74.1647
74.2961
74.2961
74.2961
74.2961
74.2961
73.349
73.349
73.349
73.349
73.349
75.9473
75.9473
75.9473
75.9473
75.9473
75.9529
75.9529
75.9529
75.9529
75.9529
77.5203
77.5203
77.5203
77.5203
77.5203
75.0457
75.0457
75.0457
75.0457
75.0457
73.6924
73.6924
73.6924
73.6924
73.6924
69.2627
69.2627
69.2627
69.2627
69.2627
67.8467
67.8467
67.8467
67.8467
67.8467
65.6371
65.6371
65.6371
65.6371
65.6371
68.0815
68.0815
68.0815
68.0815
68.0815
70.2372
70.2372
70.2372
70.2372
70.2372
76.0115
76.0115
76.0115
76.0115
76.0115
79.407
79.407
79.407
79.407
79.407
83.8315
83.8315
83.8315
83.8315
83.8315
83.8511
83.8511
83.8511
83.8511
83.8511
83.968
83.968
83.968
83.968
83.968
80.2902
80.2902
80.2902
80.2902
80.2902
78.4178
78.4178
78.4178
78.4178
78.4178
75.0394
75.0394
75.0394
75.0394
75.0394
75.3017
75.3017
75.3017
75.3017
75.3017
74.9271
74.9271
74.9271
74.9271
74.9271
77.6541
77.6541
77.6541
77.6541
77.6541
78.2326
78.2326
78.2326
78.2326
78.2326
79.9259
79.9259
79.9259
79.9259
79.9259
78.0132
78.0132
78.0132
78.0132
78.0132
76.7628
76.7628
76.7628
76.7628
76.7628
72.8606
72.8606
72.8606
72.8606
72.8606
71.5053
71.5053
71.5053
71.5053
71.5053
69.7798
69.7798
69.7798
69.7798
69.7798
72.2461
72.2461
72.2461
72.2461
72.2461
